0 95 ea_coordinates ea_id
10101215 20404032       0.0020723128
10101215 20607315      0.00207277572
10101215 20407398       0.0021603475
10101215 20206362      0.00232163121
10101215 20615064      0.00208375933
10101215 20407481      0.00222936368
10101215 20306557      0.00232017413
10101215 20111718      0.00233598883
10101215 10302010      0.00346377908
10101215 20205207      0.00226052412
10101215 20508349      0.00218815997
10101215 10505310      0.00492875807
10101215 10732192      0.00439484348
10101215 10734370      0.00432299053
10101215 20303065      0.00236446263
10101215 10746033      0.00430598826
10101215 10220103       0.0108104477
10101215 10103414       0.0184235479
10101215 10502268      0.00483398746
10101215 20112661      0.00263569628
10101215 20705372      0.00224528791
10103414 20607315      0.00233166149
10103414 20404032      0.00233378928
10103414 20407398      0.00244186352
10103414 20206362      0.00265549624
10103414 20615064      0.00234040078
10103414 20407481      0.00253046471
10103414 20306557      0.00265044876
10103414 20111718      0.00266242585
10103414 10302010      0.00426521185
10103414 20205207      0.00257639918
10103414 20508349      0.00248264603
10103414 10505310      0.00668669987
10103414 10732192      0.00576387866
10103414 10734370      0.00563941713
10103414 20303065      0.00271060559
10103414 10746033      0.00561500789
10103414 10220103       0.0165387241
10103414 10101215       0.0184235479
10103414 10502268      0.00655349979
10103414 20112661       0.0030688522
10103414 20705372      0.00253228231
10220103 20607315       0.0023514973
10220103 20404575       0.0023520459
10220103 20407398      0.00245387729
10220103 20404032      0.00238001775
10220103 20705372      0.00246708936
10220103 20407481      0.00254253131
10220103 20306557      0.00267921687
10220103 20206362       0.0027208667
10220103 10302010      0.00450990673
10220103 20508349      0.00254894509
10220103 20111718       0.0026398252
10220103 10505310      0.00639113369
10220103 10732192      0.00627229566
10220103 10734370      0.00615659768
10220103 20303065      0.00276194029
10220103 10746033      0.00605136939
10220103 10103414       0.0165387241
10220103 10101215       0.0108104477
10220103 20205207      0.00265175618
10220103 20112661      0.00308753418
10220103 10502268      0.00682545885
10302010 20615064      0.00465563018
10302010 21055693      0.00466487425
10302010 20407398      0.00528237737
10302010 20607315      0.00486764127
10302010 20607260      0.00468696191
10302010 20407481      0.00569639525
10302010 20306557      0.00649822331
10302010 20206362      0.00685735736
10302010 20404575      0.00491457574
10302010 20508349       0.0058591613
10302010 20705372       0.0048078082
10302010 10732192       0.0159978881
10302010 20111718      0.00592581242
10302010 10746033       0.0175242074
10302010 20303065      0.00709125337
10302010 10734370       0.0168551396
10302010 20404032      0.00503853137
10302010 10505310       0.0102738433
10302010 20205207      0.00642911786
10302010 20112661      0.00918430669
10302010 10502268       0.0121662122
10502268 20404575      0.00354813669
10502268 20607315      0.00357508566
10502268 20407398      0.00382465823
10502268 20404032      0.00361118888
10502268 20705372      0.00382888557
10502268 20407481      0.00404542389
10502268 20306557      0.00439148214
10502268 20206362      0.00445167506
10502268 10101215      0.00483398746
10502268 20508349      0.00399128775
10502268 20111718      0.00430284293
10502268 10505310       0.0305787078
10502268 10732192       0.0367001778
10502268 10734370       0.0318756248
10502268 20303065       0.0045918229
10502268 10746033       0.0345887087
10502268 10103414      0.00655349979
10502268 10220103      0.00682545885
10502268 10302010       0.0121662122
10502268 20205207       0.0042416834
10502268 20112661      0.00562990629
10505310 20404032      0.00356292077
10505310 20607315      0.00357702585
10505310 20407398      0.00384572917
10505310 20206362      0.00435522458
10505310 20615064      0.00359760238
10505310 20407481       0.0040701056
10505310 20306557      0.00438174414
10505310 20111718      0.00441565735
10505310 10220103      0.00639113369
10505310 20205207      0.00412729358
10505310 20508349      0.00390029953
10505310 10732192       0.0175037533
10505310 10734370       0.0164597038
10505310 20303065      0.00452709916
10505310 10746033        0.017756512
10505310 10101215      0.00492875807
10505310 10103414      0.00668669987
10505310 10302010       0.0102738433
10505310 10502268       0.0305787078
10505310 20112661      0.00566479625
10505310 20705372      0.00401014205
10732192 20607315      0.00375440209
10732192 20404575      0.00376293189
10732192 20407398      0.00401214355
10732192 20404032      0.00383496481
10732192 20705372      0.00388474296
10732192 20407481      0.00425196509
10732192 10101215      0.00439484348
10732192 20206362      0.00480457207
10732192 10505310       0.0175037533
10732192 20508349      0.00428879757
10732192 20112661      0.00600701079
10732192 10746033        0.157657358
10732192 20111718      0.00446239846
10732192 20306557       0.0046634813
10732192 20303065      0.00493332007
10732192 10103414      0.00576387866
10732192 10302010       0.0159978881
10732192 10734370        0.237740777
10732192 20205207      0.00458612297
10732192 10220103      0.00627229566
10732192 10502268       0.0367001778
10734370 20607315      0.00379181385
10734370 20404575       0.0038060587
10734370 20407398      0.00405201229
10734370 20404032      0.00387987683
10734370 20705372      0.00390302967
10734370 20407481      0.00429599736
10734370 10101215      0.00432299053
10734370 20206362      0.00487559147
10734370 10505310       0.0164597038
10734370 20508349      0.00434794143
10734370 20112661      0.00608739368
10734370 10746033        0.160592884
10734370 20111718      0.00449964365
10734370 20306557      0.00472020161
10734370 20303065      0.00500302936
10734370 10103414      0.00563941713
10734370 10302010       0.0168551396
10734370 10732192        0.237740777
10734370 20205207      0.00465458562
10734370 10220103      0.00615659768
10734370 10502268       0.0318756248
10746033 20607315      0.00384130026
10746033 20404575      0.00384592394
10746033 20407398      0.00411314651
10746033 20404032      0.00392108921
10746033 20705372      0.00398264145
10746033 20407481      0.00436593656
10746033 10101215      0.00430598826
10746033 20206362      0.00494002848
10746033 10505310        0.017756512
10746033 20508349      0.00439371147
10746033 20112661      0.00624015331
10746033 20111718      0.00459172191
10746033 20306557        0.004798902
10746033 20303065      0.00508080432
10746033 10103414      0.00561500789
10746033 10302010       0.0175242074
10746033 10734370        0.160592884
10746033 10732192        0.157657358
10746033 20205207      0.00470534367
10746033 10220103      0.00605136939
10746033 10502268       0.0345887087
20111718 21051203       0.0120521639
20111718 21037536       0.0124533658
20111718 21055241       0.0147024414
20111718 20614477       0.0130692303
20111718 21037030       0.0124987399
20111718 20407398       0.0216473932
20111718 20607315       0.0148159546
20111718 20206362        0.013123264
20111718 21055693       0.0146212223
20111718 21086069       0.0135962657
20111718 21086436       0.0134603047
20111718 20306557       0.0221070343
20111718 20303065       0.0158844962
20111718 20705372       0.0192272787
20111718 21048764       0.0133351485
20111718 20615735       0.0152890956
20111718 20615064       0.0192546255
20111718 20407481       0.0272630433
20111718 20112661       0.0165277306
20111718 21081573       0.0140335961
20111718 20607260       0.0140290526
20112661 21086436      0.00837511955
20112661 21086069        0.008393589
20112661 20404575      0.00896259391
20112661 21055241      0.00904094224
20112661 21048764      0.00852270668
20112661 20404032      0.00933012322
20112661 21055693       0.0090913016
20112661 20705372      0.00945066171
20112661 10302010      0.00918430669
20112661 20607315       0.0097050079
20112661 21081573      0.00886906784
20112661 20206362       0.0159910293
20112661 20111718       0.0165277306
20112661 20407481       0.0143618498
20112661 20205207       0.0127210531
20112661 20508349       0.0112502341
20112661 20407398        0.011913025
20112661 20306557       0.0192316809
20112661 20615064      0.00940424927
20112661 20303065       0.0202381106
20112661 20607260      0.00907751352
20205207 20601626        0.011211595
20205207 21037536       0.0112419856
20205207 20112661       0.0127210531
20205207 21051203       0.0113354242
20205207 21037030       0.0112517181
20205207 20407398       0.0154422578
20205207 20607260       0.0133679517
20205207 20407481       0.0165990743
20205207 21055241       0.0124386841
20205207 21048764       0.0119400072
20205207 20610050       0.0112644059
20205207 20206362       0.0609031244
20205207 20306557       0.0223878021
20205207 20404032       0.0219144546
20205207 20607315       0.0149482127
20205207 20303065       0.0320166604
20205207 20404575       0.0197689587
20205207 21055693       0.0127190053
20205207 21081573       0.0125130762
20205207 20508349       0.0648940645
20205207 20804405       0.0133000962
20206362 21051203       0.0112676613
20206362 21037030       0.0112708873
20206362 21055241       0.0127314953
20206362 21086069       0.0113298911
20206362 21086436       0.0113802862
20206362 20607315       0.0151830749
20206362 21055693       0.0129879356
20206362 20111718        0.013123264
20206362 21048764       0.0120364981
20206362 21081573       0.0126903336
20206362 20804405       0.0118172179
20206362 20306557       0.0320434693
20206362 20404032       0.0189963222
20206362 20112661       0.0159910293
20206362 20303065       0.0667058079
20206362 20404575       0.0173461101
20206362 20205207       0.0609031244
20206362 20407481       0.0197112502
20206362 20508349       0.0367818354
20206362 20407398       0.0171133072
20206362 20607260       0.0134922455
20303065 21037536       0.0113342661
20303065 21037030       0.0113563744
20303065 21055241       0.0130460359
20303065 20615064       0.0117772624
20303065 21086069       0.0115860298
20303065 20607315       0.0153128754
20303065 21055693       0.0132683477
20303065 20404575       0.0154935445
20303065 21048764       0.0121779695
20303065 21081573       0.0128901955
20303065 21086436       0.0116109671
20303065 20206362       0.0667058079
20303065 20306557       0.0504033248
20303065 20404032        0.016726977
20303065 20112661       0.0202381106
20303065 20111718       0.0158844962
20303065 20205207       0.0320166604
20303065 20407481       0.0234789348
20303065 20508349       0.0252732902
20303065 20407398       0.0188037302
20303065 20607260       0.0136093304
20306557 21037536       0.0135283116
20306557 21037030       0.0135669194
20306557 21055241        0.016271309
20306557 21048764       0.0147813324
20306557 21086436       0.0141277435
20306557 20607315       0.0192203428
20306557 21055693       0.0165338264
20306557 20404575       0.0164608113
20306557 20615064       0.0151579728
20306557 21081573       0.0158689792
20306557 21086069       0.0141300434
20306557 20206362       0.0320434693
20306557 20404032       0.0176160401
20306557 20112661       0.0192316809
20306557 20111718       0.0221070343
20306557 20303065       0.0504033248
20306557 20205207       0.0223878021
20306557 20407481       0.0424792663
20306557 20508349       0.0212849943
20306557 20407398       0.0278627784
20306557 20607260       0.0167536037
20404032 20407481       0.0188219108
20404032 21086436       0.0191074844
20404032 20206362       0.0189963222
20404032 21037030       0.0201426838
20404032 21066339        0.019288343
20404032 21055693       0.0227959837
20404032 21055241       0.0218119075
20404032 21037536       0.0201534427
20404032 20407398       0.0215421518
20404032 20610050       0.0230353892
20404032 21066096       0.0193251497
20404032 20607260       0.0259160871
20404032 21081573       0.0228437092
20404032 20804405       0.0305279415
20404032 21048764       0.0216873486
20404032 20404575        0.198550712
20404032 20205207       0.0219144546
20404032 20601626       0.0221742676
20404032 20508349       0.0326257128
20404032 20607315       0.0299612454
20404032 21051203       0.0209148986
20404575 20407481       0.0180034472
20404575 21086069       0.0195927427
20404575 21037030       0.0213616004
20404575 20205207       0.0197689587
20404575 21086436       0.0199980602
20404575 21055693       0.0236677103
20404575 21048764       0.0228584641
20404575 21037536       0.0213853065
20404575 21066096       0.0205580236
20404575 20610050       0.0258296076
20404575 21066339       0.0205003221
20404575 20607260       0.0271577482
20404575 21081573       0.0238995917
20404575 20804405       0.0355098199
20404575 20404032        0.198550712
20404575 20601626       0.0244369441
20404575 21055241       0.0226189051
20404575 20407398        0.020967728
20404575 20508349       0.0281635335
20404575 20607315       0.0307253699
20404575 21051203       0.0223660265
20407398 20614477       0.0196888701
20407398 20404575        0.020967728
20407398 20404032       0.0215421518
20407398 21051203       0.0241645146
20407398 20111718       0.0216473932
20407398 20615735       0.0231904282
20407398 21086436       0.0281205987
20407398 21037536       0.0252128493
20407398 21048764       0.0298772238
20407398 21037030       0.0253710988
20407398 21066096       0.0231349663
20407398 20306557       0.0278627784
20407398 20615064       0.0301104846
20407398 20607260       0.0369085451
20407398 21086069       0.0282562191
20407398 21055241       0.0374970139
20407398 21055693       0.0382686854
20407398 21081573       0.0345418248
20407398 20407481       0.0697316851
20407398 20607315       0.0461217425
20407398 21066339       0.0233282004
20407481 20508349         0.01764411
20407481 21051203       0.0179540123
20407481 20404032       0.0188219108
20407481 20404575       0.0180034472
20407481 21037536       0.0185175137
20407481 20206362       0.0197112502
20407481 21048764       0.0209169769
20407481 21037030       0.0186028197
20407481 20615735       0.0184215089
20407481 21086069       0.0201762768
20407481 21086436       0.0200837439
20407481 20607315       0.0285932291
20407481 20306557       0.0424792663
20407481 21055241       0.0243892231
20407481 21055693        0.024711412
20407481 20111718       0.0272630433
20407481 20303065       0.0234789348
20407481 20615064       0.0235524233
20407481 20407398       0.0697316851
20407481 21081573       0.0231079297
20407481 20607260       0.0242868509
20508349 21086436       0.0128991228
20508349 21037536       0.0130751718
20508349 21055693       0.0148487575
20508349 21037030       0.0130828616
20508349 21051203       0.0132638555
20508349 20607315       0.0179967834
20508349 20607260       0.0158739462
20508349 21048764       0.0139419801
20508349 21081573       0.0146494799
20508349 21055241       0.0144454598
20508349 20601626       0.0133201822
20508349 20206362       0.0367818354
20508349 20306557       0.0212849943
20508349 20404032       0.0326257128
20508349 20407481         0.01764411
20508349 20404575       0.0281635335
20508349 20804405       0.0167221831
20508349 20303065       0.0252732902
20508349 20205207       0.0648940645
20508349 20407398       0.0173047735
20508349 20610050        0.013507841
20601626 20614477       0.0229031839
20601626 20404575       0.0244369441
20601626 21086069       0.0390638795
20601626 21055241       0.0356864176
20601626 20804405       0.0268345984
20601626 21037030       0.0556475672
20601626 20607260        0.039835324
20601626 21066096       0.0617850003
20601626 20603533        0.035714899
20601626 20607315       0.0318736054
20601626 20801046       0.0278520117
20601626 20610050        0.104543762
20601626 21037536       0.0565262856
20601626 21048764       0.0468084314
20601626 21066339       0.0600696705
20601626 21051203       0.0698942616
20601626 21055693       0.0363618939
20601626 20603090       0.0412300528
20601626 21086436       0.0409207371
20601626 21081573       0.0405502002
20601626 20803156        0.030751523
20603090 20804405        0.017804128
20603090 20607315       0.0193637433
20603090 21055693       0.0230040072
20603090 20607260       0.0228449868
20603090 20615735       0.0204747904
20603090 21037030       0.0331640827
20603090 21086436       0.0288234117
20603090 21055241       0.0232983832
20603090 21081573        0.024554088
20603090 21048764       0.0276758385
20603090 20614477       0.0252837792
20603090 20603533        0.223331605
20603090 21037536       0.0334371319
20603090 20803156       0.0292844978
20603090 20801046       0.0344625839
20603090 20610050       0.0357996577
20603090 20601626       0.0412300528
20603090 21066339       0.0374401483
20603090 21066096       0.0379589483
20603090 21086069       0.0283815699
20603090 21051203       0.0350917909
20603533 20615064       0.0170774827
20603533 20607315       0.0185335859
20603533 21055693       0.0221698162
20603533 20607260       0.0217824217
20603533 20615735       0.0210722827
20603533 21037030       0.0314663303
20603533 20803156       0.0262311239
20603533 21055241       0.0225337213
20603533 21081573       0.0235469898
20603533 21086069       0.0277137318
20603533 21048764        0.026432079
20603533 20603090        0.223331605
20603533 21086436       0.0280231871
20603533 21037536        0.031687274
20603533 20801046       0.0310808366
20603533 20610050       0.0310061894
20603533 20601626        0.035714899
20603533 21066339       0.0353491276
20603533 21066096       0.0357402941
20603533 21051203       0.0326984288
20603533 20614477       0.0265889298
20607260 20407481       0.0242868509
20607260 20404032       0.0259160871
20607260 20615064       0.0278564007
20607260 20407398       0.0369085451
20607260 20614477       0.0260452584
20607260 20601626        0.039835324
20607260 20610050       0.0309145173
20607260 21051203         0.06522861
20607260 21066339       0.0554989877
20607260 21066096       0.0548772191
20607260 20615735       0.0271515478
20607260 21037030       0.0682293937
20607260 21055693        0.181458056
20607260 21086436        0.068829604
20607260 21037536       0.0675386403
20607260 21086069       0.0654622068
20607260 21081573        0.188085597
20607260 20607315         0.12091319
20607260 21055241        0.134748248
20607260 21048764        0.111056313
20607260 20404575       0.0271577482
20607315 20614477       0.0221090714
20607315 20615735       0.0237127359
20607315 20404032       0.0299612454
20607315 20407481       0.0285932291
20607315 20615064         0.02582155
20607315 21086069        0.043626629
20607315 21086436       0.0447604512
20607315 20404575       0.0307253699
20607315 21066339       0.0380707364
20607315 21066096       0.0377975302
20607315 20610050       0.0268268166
20607315 21055241       0.0732041362
20607315 21055693       0.0847868397
20607315 21081573       0.0765315184
20607315 21048764       0.0580732142
20607315 21037030        0.043621469
20607315 21037536       0.0433447822
20607315 20607260         0.12091319
20607315 20407398       0.0461217425
20607315 21051203       0.0427317979
20607315 20601626       0.0318736054
20610050 20404032       0.0230353892
20610050 20404575       0.0258296076
20610050 21086069       0.0285703275
20610050 21055241       0.0274418535
20610050 20607315       0.0268268166
20610050 21037030       0.0365095683
20610050 20607260       0.0309145173
20610050 21066096       0.0388356278
20610050 21055693       0.0280601891
20610050 21081573       0.0303592225
20610050 21086436       0.0295722806
20610050 21037536       0.0368745228
20610050 21048764       0.0331175891
20610050 21066339        0.038153144
20610050 20601626        0.104543762
20610050 21051203       0.0421946621
20610050 20603533       0.0310061894
20610050 20603090       0.0357996577
20610050 20803156       0.0404438014
20610050 20804405       0.0342676111
20610050 20801046       0.0327941639
20614477 20407481       0.0158409535
20614477 20610050       0.0188648384
20614477 20607260       0.0260452584
20614477 20603090       0.0252837792
20614477 20407398       0.0196888701
20614477 21055241       0.0316409008
20614477 21055693       0.0298189353
20614477 20603533       0.0265889298
20614477 21048764       0.0324936068
20614477 21037030        0.034964104
20614477 20607315       0.0221090714
20614477 20615064       0.0406370608
20614477 21066339       0.0357897894
20614477 21066096       0.0353443053
20614477 21051203       0.0315563429
20614477 21037536       0.0347906665
20614477 21081573       0.0302104498
20614477 21086436       0.0407868102
20614477 20615735       0.0894216921
20614477 21086069        0.042570638
20614477 20601626       0.0229031839
20615064 20603090       0.0168756419
20615064 20603533       0.0170774827
20615064 21051203       0.0253454647
20615064 20407481       0.0235524233
20615064 20601626       0.0186012033
20615064 21066339       0.0265958324
20615064 21066096       0.0262506585
20615064 21081573       0.0310098586
20615064 21037536       0.0277202826
20615064 21037030       0.0279386309
20615064 20111718       0.0192546255
20615064 20607260       0.0278564007
20615064 21055241       0.0346198992
20615064 21055693       0.0327461837
20615064 20614477       0.0406370608
20615064 21086069       0.0355039064
20615064 21086436       0.0341033405
20615064 21048764       0.0299293721
20615064 20407398       0.0301104846
20615064 20615735       0.0733165379
20615064 20607315         0.02582155
20615735 20610050       0.0172576539
20615735 20407481       0.0184215089
20615735 20607260       0.0271515478
20615735 20603090       0.0204747904
20615735 20601626       0.0206693231
20615735 21066339       0.0314876283
20615735 21051203       0.0287719481
20615735 20603533       0.0210722827
20615735 21048764       0.0320841853
20615735 21037030       0.0320886017
20615735 20407398       0.0231904282
20615735 21055241       0.0339696768
20615735 20615064       0.0733165379
20615735 21066096       0.0310469179
20615735 21055693       0.0318442073
20615735 21037536       0.0318573328
20615735 21081573       0.0312903015
20615735 21086436         0.03933613
20615735 20614477       0.0894216921
20615735 21086069       0.0413314066
20615735 20607315       0.0237127359
20705372 20112661      0.00945066171
20705372 21051203      0.00954148054
20705372 21037536      0.00986033745
20705372 21037030      0.00988763022
20705372 21066096      0.00968102487
20705372 20306557       0.0103951816
20705372 20607315       0.0100111222
20705372 21048764        0.010144188
20705372 20607260       0.0100424157
20705372 21086069       0.0106943176
20705372 21066339       0.0097272209
20705372 20407398         0.01193942
20705372 20615064       0.0153011229
20705372 20407481       0.0123103761
20705372 21055241       0.0107173228
20705372 21081573       0.0103271214
20705372 20614477       0.0121729672
20705372 21055693       0.0105622417
20705372 20111718       0.0192272787
20705372 20615735        0.013716391
20705372 21086436       0.0105626899
20801046 21055241       0.0158002976
20801046 21055693       0.0158620564
20801046 20607260       0.0163928544
20801046 21048764       0.0177640849
20801046 20909113       0.0162178944
20801046 21037030       0.0194333772
20801046 21086069        0.017097973
20801046 21051203       0.0206882804
20801046 20603533       0.0310808366
20801046 21086436       0.0173730071
20801046 21081573       0.0166265696
20801046 20610050       0.0327941639
20801046 21037536       0.0195457875
20801046 20808421       0.0253843092
20801046 21066339       0.0205130074
20801046 21066096       0.0207191298
20801046 20601626       0.0278520117
20801046 20803156       0.0858482371
20801046 20603090       0.0344625839
20801046 20804405       0.0219167423
20801046 20807727       0.0171813565
20803156 21055693        0.016687068
20803156 21081573       0.0175053122
20803156 21086069       0.0174131163
20803156 21048764       0.0185655314
20803156 20607260       0.0175496681
20803156 21066096       0.0211359683
20803156 20603533       0.0262311239
20803156 21051203       0.0215361893
20803156 20807727       0.0197353988
20803156 20909113       0.0181377977
20803156 20404575       0.0176615244
20803156 20801046       0.0858482371
20803156 20610050       0.0404438014
20803156 20804405       0.0291763799
20803156 20808421       0.0313737099
20803156 20601626        0.030751523
20803156 21066339       0.0209169294
20803156 20603090       0.0292844978
20803156 21037030       0.0200281353
20803156 21037536       0.0201467537
20803156 21086436       0.0177443358
20804405 20909113       0.0174482654
20804405 21055241       0.0177001622
20804405 21055693       0.0182012061
20804405 21081573       0.0188303863
20804405 20603090        0.017804128
20804405 21037536       0.0192140088
20804405 20607260       0.0200649953
20804405 21066096       0.0192312641
20804405 21037030       0.0191401193
20804405 21051203       0.0204853871
20804405 21048764        0.019058979
20804405 20601626       0.0268345984
20804405 20807727       0.0198920086
20804405 20404575       0.0355098199
20804405 20610050       0.0342676111
20804405 20808421       0.0255843507
20804405 20803156       0.0291763799
20804405 20607315       0.0199593993
20804405 20801046       0.0219167423
20804405 20404032       0.0305279415
20804405 21066339       0.0190955234
20807727 30104708       0.0109620485
20807727 20603533       0.0112663085
20807727 20601626       0.0128602277
20807727 31201007       0.0126670356
20807727 20603090       0.0117899389
20807727 20610050       0.0146584442
20807727 30101545       0.0172456187
20807727 30103074       0.0334156116
20807727 31201516        0.012860479
20807727 30101280       0.0136089828
20807727 20404032       0.0123131494
20807727 20908119        0.053834428
20807727 20906524       0.0214981104
20807727 20804405       0.0198920086
20807727 20808421       0.0529107026
20807727 20909113        0.137414648
20807727 20803156       0.0197353988
20807727 30109724       0.0137719011
20807727 20801046       0.0171813565
20807727 20906605       0.0300599406
20807727 20404575       0.0129430164
20808421 21037030       0.0127401533
20808421 21037536       0.0127852565
20808421 21066096       0.0130648044
20808421 21051203       0.0133665298
20808421 21066339       0.0129832218
20808421 20601626       0.0165208886
20808421 20906524       0.0186922417
20808421 30103074       0.0209535177
20808421 20603090       0.0151507169
20808421 20404032       0.0139311651
20808421 30101545       0.0131085792
20808421 20807727       0.0529107026
20808421 20908119       0.0308232785
20808421 20906605       0.0242392374
20808421 20804405       0.0255843507
20808421 20909113       0.0427461007
20808421 20803156       0.0313737099
20808421 20610050       0.0195492193
20808421 20801046       0.0253843092
20808421 20603533       0.0143056197
20808421 20404575       0.0148708445
20906524 31441389      0.00992507998
20906524 31439102      0.00993950931
20906524 30620196       0.0106312211
20906524 30109724       0.0107572602
20906524 30104708       0.0102754081
20906524 20804405       0.0108139797
20906524 30101280       0.0131541625
20906524 31201104       0.0152517275
20906524 20803156       0.0128828113
20906524 20801046        0.012732125
20906524 30306555       0.0105473757
20906524 20807727       0.0214981104
20906524 20908119       0.0338590876
20906524 31201516       0.0256575268
20906524 31201007       0.0230062773
20906524 30103074       0.0265945766
20906524 20909113       0.0251941169
20906524 20906605       0.0754707724
20906524 20808421       0.0186922417
20906524 30101545       0.0182349458
20906524 30202252       0.0114974955
20906605 20603533        0.009784736
20906605 20603090       0.0100865426
20906605 20601626        0.010047564
20906605 30109724       0.0117332375
20906605 30202252       0.0103970355
20906605 30101280       0.0137977059
20906605 20610050       0.0110346101
20906605 31201104       0.0133616819
20906605 20803156       0.0147693996
20906605 20804405       0.0125139702
20906605 30104708       0.0107016959
20906605 20807727       0.0300599406
20906605 20908119       0.0594176679
20906605 20906524       0.0754707724
20906605 31201516       0.0205103506
20906605 31201007       0.0192550742
20906605 30103074       0.0346451129
20906605 20909113       0.0377481611
20906605 20808421       0.0242392374
20906605 20801046       0.0142600857
20906605 30101545       0.0193024697
20908119 20603090       0.0103505421
20908119 20404575       0.0104512185
20908119 20601626       0.0107574148
20908119 20610050       0.0119623052
20908119 30107624        0.010833236
20908119 31201516       0.0168832484
20908119 20804405       0.0146319627
20908119 20808421       0.0308232785
20908119 30109724       0.0138400485
20908119 20801046       0.0146548311
20908119 30104708        0.011783253
20908119 20807727        0.053834428
20908119 30101545        0.021602218
20908119 20906524       0.0338590876
20908119 30103074       0.0550266418
20908119 20909113       0.0885094343
20908119 20803156       0.0158441582
20908119 31201007       0.0164850898
20908119 20906605       0.0594176679
20908119 30101280        0.015387779
20908119 31201104       0.0119571008
20909113 30107624        0.010771506
20909113 20603090       0.0112156023
20909113 20601626       0.0119689586
20909113 20610050       0.0135012491
20909113 20404032       0.0113052399
20909113 31201516       0.0141851089
20909113 20804405       0.0174482654
20909113 30103074       0.0410995173
20909113 30109724       0.0139070643
20909113 30101280       0.0143489935
20909113 30104708       0.0113216246
20909113 20807727        0.137414648
20909113 20908119       0.0885094343
20909113 20906524       0.0251941169
20909113 30101545       0.0188891838
20909113 20808421       0.0427461007
20909113 20803156       0.0181377977
20909113 31201007        0.013934421
20909113 20801046       0.0162178944
20909113 20906605       0.0377481611
20909113 20404575       0.0118385391
21037030 20404575       0.0213616004
21037030 20407398       0.0253710988
21037030 20603533       0.0314663303
21037030 20610050       0.0365095683
21037030 20615064       0.0279386309
21037030 20603090       0.0331640827
21037030 21055693       0.0749435145
21037030 20607260       0.0682293937
21037030 20601626       0.0556475672
21037030 21086069        0.131081049
21037030 20615735       0.0320886017
21037030 20607315        0.043621469
21037030 21086436        0.154373056
21037030 21037536         3.36671557
21037030 21051203        0.270713876
21037030 21055241       0.0781800741
21037030 21081573       0.0935023778
21037030 21066339        0.286399767
21037030 21066096        0.262126736
21037030 21048764         0.16509813
21037030 20614477        0.034964104
21037536 20404575       0.0213853065
21037536 20407398       0.0252128493
21037536 20603533        0.031687274
21037536 20610050       0.0368745228
21037536 20615064       0.0277202826
21037536 20603090       0.0334371319
21037536 21055693       0.0736470447
21037536 20607260       0.0675386403
21037536 20601626       0.0565262856
21037536 21086069        0.126433143
21037536 20615735       0.0318573328
21037536 21037030         3.36671557
21037536 20607315       0.0433447822
21037536 21086436        0.147841838
21037536 21051203        0.291523581
21037536 21055241       0.0766305553
21037536 21081573       0.0916518705
21037536 21066339        0.304895639
21037536 21066096        0.279190933
21037536 21048764         0.15937748
21037536 20614477       0.0347906665
21048764 20404575       0.0228584641
21048764 20407398       0.0298772238
21048764 20603533        0.026432079
21048764 20610050       0.0331175891
21048764 20615064       0.0299293721
21048764 20603090       0.0276758385
21048764 21055693        0.136195088
21048764 20607260        0.111056313
21048764 20607315       0.0580732142
21048764 21066096        0.101477849
21048764 20615735       0.0320841853
21048764 21037030         0.16509813
21048764 20601626       0.0468084314
21048764 21086436        0.159806205
21048764 21037536         0.15937748
21048764 21086069         0.13653624
21048764 21051203        0.123588293
21048764 21066339        0.104731764
21048764 21081573        0.215614287
21048764 21055241        0.141380195
21048764 20614477       0.0324936068
21051203 20404575       0.0223660265
21051203 20407398       0.0241645146
21051203 20603533       0.0326984288
21051203 20610050       0.0421946621
21051203 20615064       0.0253454647
21051203 20603090       0.0350917909
21051203 21055693       0.0653440296
21051203 20607260         0.06522861
21051203 20601626       0.0698942616
21051203 21086069       0.0884515495
21051203 20615735       0.0287719481
21051203 21037030        0.270713876
21051203 20607315       0.0427317979
21051203 21086436       0.0986902992
21051203 21037536        0.291523581
21051203 21055241       0.0659448161
21051203 21081573       0.0803886031
21051203 21066339        0.245172939
21051203 21066096        0.254061831
21051203 21048764        0.123588293
21051203 20614477       0.0315563429
21055241 20404575       0.0226189051
21055241 20610050       0.0274418535
21055241 20603090       0.0232983832
21055241 20407398       0.0374970139
21055241 20614477       0.0316409008
21055241 20615064       0.0346198992
21055241 20407481       0.0243892231
21055241 21051203       0.0659448161
21055241 21066339       0.0616820825
21055241 21066096       0.0603012609
21055241 20615735       0.0339696768
21055241 21037030       0.0781800741
21055241 21055693        0.504881544
21055241 21086436        0.105552892
21055241 21037536       0.0766305553
21055241 21086069        0.102743765
21055241 20607260        0.134748248
21055241 21081573        0.280904822
21055241 20607315       0.0732041362
21055241 21048764        0.141380195
21055241 20601626       0.0356864176
21055693 20603090       0.0230040072
21055693 20404575       0.0236677103
21055693 20407481        0.024711412
21055693 20407398       0.0382686854
21055693 20610050       0.0280601891
21055693 20615064       0.0327461837
21055693 20615735       0.0318442073
21055693 21051203       0.0653440296
21055693 21066339       0.0594322027
21055693 21066096        0.058283132
21055693 20614477       0.0298189353
21055693 21037030       0.0749435145
21055693 21086436       0.0918922789
21055693 21037536       0.0736470447
21055693 21086069       0.0885543348
21055693 20607260        0.181458056
21055693 21081573        0.343674395
21055693 20607315       0.0847868397
21055693 21055241        0.504881544
21055693 21048764        0.136195088
21055693 20601626       0.0363618939
21066096 20803156       0.0211359683
21066096 20407398       0.0231349663
21066096 20603533       0.0357402941
21066096 20610050       0.0388356278
21066096 20615064       0.0262506585
21066096 20607315       0.0377975302
21066096 21055693        0.058283132
21066096 20607260       0.0548772191
21066096 20601626       0.0617850003
21066096 21086069       0.0976335255
21066096 20615735       0.0310469179
21066096 21037030        0.262126736
21066096 20603090       0.0379589483
21066096 21086436        0.107566639
21066096 21037536        0.279190933
21066096 21051203        0.254061831
21066096 21055241       0.0603012609
21066096 21081573       0.0690193849
21066096 21066339         2.01721745
21066096 21048764        0.101477849
21066096 20614477       0.0353443053
21066339 20803156       0.0209169294
21066339 20407398       0.0233282004
21066339 20603533       0.0353491276
21066339 20610050        0.038153144
21066339 20615064       0.0265958324
21066339 20603090       0.0374401483
21066339 21055693       0.0594322027
21066339 20607260       0.0554989877
21066339 20601626       0.0600696705
21066339 21086069         0.10254569
21066339 20615735       0.0314876283
21066339 21037030        0.286399767
21066339 20607315       0.0380707364
21066339 21086436         0.11346024
21066339 21037536        0.304895639
21066339 21051203        0.245172939
21066339 21055241       0.0616820825
21066339 21081573       0.0704919149
21066339 21066096         2.01721745
21066339 21048764        0.104731764
21066339 20614477       0.0357897894
21081573 20603533       0.0235469898
21081573 20404575       0.0238995917
21081573 20603090        0.024554088
21081573 20407398       0.0345418248
21081573 20614477       0.0302104498
21081573 20615735       0.0312903015
21081573 21037536       0.0916518705
21081573 21051203       0.0803886031
21081573 21066339       0.0704919149
21081573 21066096       0.0690193849
21081573 20610050       0.0303592225
21081573 21037030       0.0935023778
21081573 20601626       0.0405502002
21081573 21086436        0.107438656
21081573 21055693        0.343674395
21081573 21086069        0.100110721
21081573 20607260        0.188085597
21081573 20607315       0.0765315184
21081573 21055241        0.280904822
21081573 21048764        0.215614287
21081573 20615064       0.0310098586
21086069 20407481       0.0201762768
21086069 20407398       0.0282562191
21086069 20603533       0.0277137318
21086069 20614477        0.042570638
21086069 20610050       0.0285703275
21086069 20603090       0.0283815699
21086069 21055693       0.0885543348
21086069 20607260       0.0654622068
21086069 20607315        0.043626629
21086069 21066096       0.0976335255
21086069 20615064       0.0355039064
21086069 21037030        0.131081049
21086069 20615735       0.0413314066
21086069 21086436        0.807919761
21086069 21037536        0.126433143
21086069 21051203       0.0884515495
21086069 21066339         0.10254569
21086069 21081573        0.100110721
21086069 21055241        0.102743765
21086069 21048764         0.13653624
21086069 20601626       0.0390638795
21086436 20407481       0.0200837439
21086436 20407398       0.0281205987
21086436 20603533       0.0280231871
21086436 20614477       0.0407868102
21086436 20610050       0.0295722806
21086436 20603090       0.0288234117
21086436 21055693       0.0918922789
21086436 20607260        0.068829604
21086436 20607315       0.0447604512
21086436 21055241        0.105552892
21086436 20615064       0.0341033405
21086436 21037030        0.154373056
21086436 20615735         0.03933613
21086436 21037536        0.147841838
21086436 21086069        0.807919761
21086436 21051203       0.0986902992
21086436 21066339         0.11346024
21086436 21081573        0.107438656
21086436 21066096        0.107566639
21086436 21048764        0.159806205
21086436 20601626       0.0409207371
30101280 31441389      0.00922951565
30101280 31435120      0.00941013457
30101280 20906524       0.0131541625
30101280 31201104       0.0138443245
30101280 31435753      0.00943965043
30101280 20906605       0.0137977059
30101280 20908119        0.015387779
30101280 31201516       0.0149167736
30101280 30208396       0.0149607772
30101280 20808421       0.0108289401
30101280 30202252       0.0119505554
30101280 20909113       0.0143489935
30101280 30104708       0.0469349966
30101280 30105325       0.0261582819
30101280 30103074       0.0213592029
30101280 30101545       0.0472037688
30101280 31201007       0.0163190149
30101280 30107624       0.0254731985
30101280 30212307       0.0206445668
30101280 30109724       0.0311175148
30101280 20807727       0.0136089828
30101545 31439102      0.00996495102
30101545 31435753        0.010105115
30101545 30105325       0.0179112334
30101545 31201104       0.0162959518
30101545 31435120       0.0101199658
30101545 20909113       0.0188891838
30101545 20906524       0.0182349458
30101545 31201516       0.0200681024
30101545 30107624       0.0172295286
