0 95 ea_coordinates ea_id
10101215 10220103         92.5031066
10101215 10103414         54.2783618
10103414 10220103         60.4641564
10103414 10101215         54.2783618
10220103 10103414         60.4641564
10220103 10101215         92.5031066
10302010 10746033         57.0639216
10302010 10734370         59.3290846
10302010 10732192         62.5082508
10302010 10502268         82.1948508
10302010 10505310          97.334558
10502268 10302010         82.1948508
10502268 10746033         28.9111689
10502268 10734370         31.3719341
10502268 10732192         27.2478244
10502268 10505310         32.7024938
10505310 10302010          97.334558
10505310 10746033         56.3173669
10505310 10734370         60.7544346
10505310 10732192         57.1306041
10505310 10502268         32.7024938
10732192 10302010         62.5082508
10732192 10746033         6.34286921
10732192 10734370         4.20626201
10732192 10502268         27.2478244
10732192 10505310         57.1306041
10734370 10302010         59.3290846
10734370 10746033         6.22692597
10734370 10732192         4.20626201
10734370 10502268         31.3719341
10734370 10505310         60.7544346
10746033 10302010         57.0639216
10746033 10734370         6.22692597
10746033 10732192         6.34286921
10746033 10502268         28.9111689
10746033 10505310         56.3173669
20111718 21086436         74.2925233
20111718 21051203          82.972652
20111718 21066096         83.4593755
20111718 21066339         82.9991362
20111718 20607260         71.2806508
20111718 21037536         80.2995762
20111718 21037030         80.0080656
20111718 21048764         74.9897908
20111718 21081573         71.2575732
20111718 21055693         68.3937348
20111718 21055241         68.0159148
20111718 21086069         73.5496073
20111718 20601626         95.8888315
20111718 20614477         76.5155999
20111718 20615064         51.9355726
20111718 20615735         65.4060925
20111718 20705372         52.0094402
20111718 20508349         90.1433549
20111718 20205207         89.8090661
20111718 20404575         92.1038584
20111718 20404032         89.8034252
20111718 20206362         76.2005549
20111718 20607315         67.4948071
20111718 20303065         62.9544675
20111718 20306557          45.234471
20111718 20407398         46.1949386
20111718 20407481         36.6796909
20111718 20112661         60.5043744
20112661 20508349         88.8870395
20112661 20205207         78.6098441
20112661 20206362         62.5350616
20112661 20303065         49.4117272
20112661 20306557         51.9975351
20112661 20407398          83.941736
20112661 20407481         69.6289136
20112661 20111718         60.5043744
20205207 21086436         89.2197725
20205207 21051203         88.2190188
20205207 21066096         91.9033944
20205207 21066339         91.8454971
20205207 20607260          74.805776
20205207 21037536         88.9522577
20205207 21037030         88.8753157
20205207 21048764         83.7520432
20205207 21081573         79.9163995
20205207 21055693         78.6225003
20205207 21055241         80.3943564
20205207 21086069         89.8194061
20205207 20601626         89.1933752
20205207 20610050         88.7752103
20205207 20804405          75.187426
20205207 20615064         97.8156159
20205207 20508349         15.4097298
20205207 20404575         50.5843536
20205207 20404032         45.6319822
20205207 20206362         16.4195189
20205207 20607315         66.8976297
20205207 20303065         31.2337386
20205207 20306557         44.6671807
20205207 20407398         64.7573699
20205207 20407481         60.2443234
20205207 20111718         89.8090661
20205207 20112661         78.6098441
20206362 21086436         87.8712522
20206362 21051203         88.7495615
20206362 21066096         92.1220569
20206362 21066339         91.9775298
20206362 20607260          74.116647
20206362 21037536         88.8525766
20206362 21037030         88.7241589
20206362 21048764         83.0806428
20206362 21081573         78.8001351
20206362 21055693         76.9945303
20206362 21055241         78.5453695
20206362 21086069         88.2621017
20206362 20601626         92.2965789
20206362 20610050         93.5534153
20206362 20804405         84.6222863
20206362 20615064         91.4690566
20206362 20508349         27.1873328
20206362 20205207         16.4195189
20206362 20404575         57.6498129
20206362 20404032         52.6417688
20206362 20607315         65.8628116
20206362 20303065         14.9911984
20206362 20306557         31.2076071
20206362 20407398         58.4340589
20206362 20407481         50.7324493
20206362 20111718         76.2005549
20206362 20112661         62.5350616
20303065 21086436         86.1254699
20303065 21051203         88.7042098
20303065 21066096          91.694524
20303065 21066339         91.4747908
20303065 20607260         73.4790007
20303065 21037536         88.2280327
20303065 21037030         88.0562726
20303065 21048764         82.1154956
20303065 21081573         77.5783425
20303065 21055693         75.3673343
20303065 21055241         76.6516367
20303065 21086069         86.3108429
20303065 20601626          94.472719
20303065 20610050          97.187699
20303065 20804405         92.5218231
20303065 20615064         84.9093757
20303065 20615735         96.0909048
20303065 20508349         39.5674641
20303065 20205207         31.2337386
20303065 20404575         64.5430101
20303065 20404032         59.7836657
20303065 20206362         14.9911984
20303065 20607315         65.3045214
20303065 20306557          19.839961
20303065 20407398         53.1809376
20303065 20407481         42.5913701
20303065 20111718         62.9544675
20303065 20112661         49.4117272
20306557 21086436         70.7827118
20306557 21051203           74.97343
20306557 21066096         77.4872876
20306557 21066339         77.1978286
20306557 20607260         59.6886506
20306557 21037536         73.9190544
20306557 21037030         73.7087004
20306557 21048764         67.6528998
20306557 21081573         63.0160255
20306557 21055693         60.4820673
20306557 21055241         61.4578704
20306557 21086069         70.7711908
20306557 20601626         82.9952863
20306557 20610050         87.3550225
20306557 20804405         88.6144154
20306557 20614477         86.3313094
20306557 20615064         65.9718825
20306557 20615735         77.7708506
20306557 20705372         96.1984155
20306557 20508349         46.9814549
20306557 20205207         44.6671807
20306557 20404575          60.750347
20306557 20404032         56.7664467
20306557 20206362         31.2076071
20306557 20607315         52.0282083
20306557 20303065          19.839961
20306557 20407398         35.8901752
20306557 20407481         23.5408962
20306557 20111718          45.234471
20306557 20112661         51.9975351
20404032 21086436          52.335513
20404032 20603090         69.3187505
20404032 20603533         73.0891766
20404032 21051203         47.8128065
20404032 21066096         51.7460416
20404032 21066339         51.8447852
20404032 20607260         38.5860719
20404032 21037536          49.619314
20404032 21037030         49.6458172
20404032 21048764         46.1098321
20404032 21081573         43.7757281
20404032 21055693         43.8673766
20404032 21055241         45.8465176
20404032 21086069         53.3071755
20404032 20601626         45.0973181
20404032 20610050         43.4114654
20404032 20801046         71.2486823
20404032 20803156         61.6551536
20404032 20908119         99.7072122
20404032 20909113         88.4545584
20404032 20807727         81.2139907
20404032 20808421         71.7815053
20404032 20804405         32.7568761
20404032 20614477         76.7731941
20404032 20615064          71.935503
20404032 20615735         75.2083433
20404032 20508349         30.6506713
20404032 20205207         45.6319822
20404032 20404575         5.03649666
20404032 20206362         52.6417688
20404032 20607315         33.3764497
20404032 20303065         59.7836657
20404032 20306557         56.7664467
20404032 20407398         46.4206181
20404032 20407481         53.1295686
20404032 20111718         89.8034252
20404575 21086436           50.00485
20404575 20603090         65.0472088
20404575 20603533         68.9105232
20404575 21051203         44.7106687
20404575 21066096         48.6428084
20404575 21066339         48.7797213
20404575 20607260          36.821904
20404575 21037536         46.7610786
20404575 21037030         46.8129719
20404575 21048764         43.7474713
20404575 21081573          41.841719
20404575 21055693         42.2516579
20404575 21055241         44.2108049
20404575 21086069         51.0393065
20404575 20601626          40.921647
20404575 20610050          38.715261
20404575 20801046         66.2536926
20404575 20803156         56.6202543
20404575 20908119         95.6826233
20404575 20909113         84.4698818
20404575 20807727         77.2617426
20404575 20808421         67.2456765
20404575 20804405         28.1612242
20404575 20614477         74.5216503
20404575 20615064         71.2720482
20404575 20615735          73.647178
20404575 20508349         35.5069082
20404575 20205207         50.5843536
20404575 20404032         5.03649666
20404575 20206362         57.6498129
20404575 20607315         32.5463942
20404575 20303065         64.5430101
20404575 20306557          60.750347
20404575 20407398         47.6923394
20404575 20407481         55.5449181
20404575 20111718         92.1038584
20407398 21086436         35.5611206
20407398 20603090         69.5679896
20407398 20603533         71.0298145
20407398 21051203         41.3829955
20407398 21066096         43.2246145
20407398 21066339         42.8665727
20407398 20607260         27.0939967
20407398 21037536         39.6623162
20407398 21037030         39.4149267
20407398 21048764         33.4703119
20407398 21081573         28.9504103
20407398 21055693         26.1310256
20407398 21055241         26.6687903
20407398 21086069          35.390439
20407398 20601626         52.1591134
20407398 20610050         58.7953927
20407398 20801046         88.0613065
20407398 20803156         83.5174132
20407398 20804405         70.1773224
20407398 20614477         50.7901161
20407398 20615064         33.2110231
20407398 20615735         43.1212391
20407398 20705372         83.7561621
20407398 20508349         57.7875232
20407398 20205207         64.7573699
20407398 20404575         47.6923394
20407398 20404032         46.4206181
20407398 20206362         58.4340589
20407398 20607315          21.681748
20407398 20303065         53.1809376
20407398 20306557         35.8901752
20407398 20407481         14.3406831
20407398 20111718         46.1949386
20407398 20112661          83.941736
20407481 21086436         49.7915131
20407481 20603090          83.908221
20407481 20603533          85.342154
20407481 21051203         55.6978564
20407481 21066096         57.5644387
20407481 21066339         57.2049766
20407481 20607260         41.1745435
20407481 21037536         54.0029302
20407481 21037030         53.7552917
20407481 21048764         47.8080558
20407481 21081573         43.2751879
20407481 21055693         40.4671331
20407481 21055241          41.001716
20407481 21086069         49.5631583
20407481 20601626         66.0832527
20407481 20610050         72.2336669
20407481 20803156          96.872132
20407481 20804405         80.6591464
20407481 20614477         63.1275131
20407481 20615064          42.458476
20407481 20615735         54.2843698
20407481 20705372         81.2322869
20407481 20508349         56.6761374
20407481 20205207         60.2443234
20407481 20404575         55.5449181
20407481 20404032         53.1295686
20407481 20206362         50.7324493
20407481 20607315         34.9733147
20407481 20303065         42.5913701
20407481 20306557         23.5408962
20407481 20407398         14.3406831
20407481 20111718         36.6796909
20407481 20112661         69.6289136
20508349 21086436         77.5246513
20508349 20603090         99.3092303
20508349 21051203         75.3928598
20508349 21066096         79.2006362
20508349 21066339          79.193542
20508349 20607260         62.9963076
20508349 21037536         76.4808304
20508349 21037030          76.435877
20508349 21048764         71.7258233
20508349 21081573         68.2618092
20508349 21055693         67.3457021
20508349 21055241         69.2259033
20508349 21086069         78.2507198
20508349 20601626         75.0740481
20508349 20610050         74.0310758
20508349 20803156         91.5872815
20508349 20808421         96.9020816
20508349 20804405         59.8008044
20508349 20615064         89.7605937
20508349 20615735         96.6233778
20508349 20205207         15.4097298
20508349 20404575         35.5069082
20508349 20404032         30.6506713
20508349 20206362         27.1873328
20508349 20607315          55.565485
20508349 20303065         39.5674641
20508349 20306557         46.9814549
20508349 20407398         57.7875232
20508349 20407481         56.6761374
20508349 20111718         90.1433549
20508349 20112661         88.8870395
20601626 21086436         24.4374874
20601626 20603090         24.2541528
20601626 20603533         27.9995192
20601626 21051203         14.3073262
20601626 21066096         16.1851581
20601626 21066339         16.6473362
20601626 20607260          25.103348
20601626 21037536         17.6908847
20601626 21037030         17.9702375
20601626 21048764         21.3636725
20601626 21081573         24.6607907
20601626 21055693         27.5013178
20601626 21055241         28.0218657
20601626 21086069          25.599096
20601626 20610050         9.56537229
20601626 20801046         35.9040493
20601626 20803156         32.5187146
20601626 20908119         92.9591374
20601626 20906605         99.5266117
20601626 20909113         83.5494575
20601626 20807727         77.7591209
20601626 20808421         60.5294316
20601626 20804405         37.2653239
20601626 20614477         43.6620518
20601626 20615064          53.759963
20601626 20615735         48.3808781
20601626 20508349         75.0740481
20601626 20205207         89.1933752
20601626 20404575          40.921647
20601626 20404032         45.0973181
20601626 20206362         92.2965789
20601626 20607315         31.3739217
20601626 20303065          94.472719
20601626 20306557         82.9952863
20601626 20407398         52.1591134
20601626 20407481         66.0832527
20601626 20111718         95.8888315
20603090 21086436         34.6940192
20603090 20603533         4.47764659
20603090 21051203         28.4966932
20603090 21066096         26.3442494
20603090 21066339         26.7092959
20603090 20607260         43.7732799
20603090 21037536         29.9068713
20603090 21037030         30.1531029
20603090 21048764            36.1326
20603090 21081573          40.726416
20603090 21055693         43.4706871
20603090 21055241         42.9214332
20603090 21086069         35.2341328
20603090 20601626         24.2541528
20603090 20610050          27.933228
20603090 20801046         29.0169769
20603090 20803156         34.1477599
20603090 20908119         96.6132971
20603090 20906605         99.1419994
20603090 20909113         89.1615071
20603090 20807727         84.8180815
20603090 20808421         66.0034775
20603090 20804405         56.1667496
20603090 20614477         39.5510495
20603090 20615064         59.2570053
20603090 20615735         48.8405488
20603090 20508349         99.3092303
20603090 20404575         65.0472088
20603090 20404032         69.3187505
20603090 20607315         51.6429074
20603090 20407398         69.5679896
20603090 20407481          83.908221
20603533 21086436         35.6847347
20603533 20603090         4.47764659
20603533 21051203         30.5825092
20603533 21066096         27.9796243
20603533 21066339         28.2892413
20603533 20607260         45.9085777
20603533 21037536         31.5584105
20603533 21037030         31.7800007
20603533 21048764         37.8328167
20603533 21081573         42.4682733
20603533 21055693         45.1063731
20603533 21055241         44.3779341
20603533 21086069         36.0831954
20603533 20601626         27.9995192
20603533 20610050         32.2516252
20603533 20801046         32.1741661
20603533 20803156         38.1226517
20603533 20909113         92.9542436
20603533 20807727          88.760218
20603533 20808421         69.9025993
20603533 20804405          60.623116
20603533 20614477         37.6096371
20603533 20615064         58.5566397
20603533 20615735         47.4557034
20603533 20404575         68.9105232
20603533 20404032         73.0891766
20603533 20607315         53.9560992
20603533 20407398         71.0298145
20603533 20407481          85.342154
20607260 21086436         14.5286322
20607260 20603090         43.7732799
20607260 20603533         45.9085777
20607260 21051203         15.3306961
20607260 21066096         18.2224977
20607260 21066339         18.0183467
20607260 21037536         14.8063389
20607260 21037030         14.6564398
20607260 21048764         9.00444083
20607260 21081573         5.31672823
20607260 21055693         5.51091543
20607260 21055241         7.42124679
20607260 21086069         15.2759898
20607260 20601626          25.103348
20607260 20610050         32.3472623
20607260 20801046          61.002189
20607260 20803156         56.9811346
20607260 20807727         97.5157974
20607260 20808421         81.9834079
20607260 20804405         49.8380381
20607260 20614477         38.3947046
20607260 20615064         35.8983923
20607260 20615735         36.8303128
20607260 20705372         99.5776347
20607260 20508349         62.9963076
20607260 20205207          74.805776
20607260 20404575          36.821904
20607260 20404032         38.5860719
20607260 20206362          74.116647
20607260 20607315         8.27039634
20607260 20303065         73.4790007
20607260 20306557         59.6886506
20607260 20407398         27.0939967
20607260 20407481         41.1745435
20607260 20111718         71.2806508
20607315 21086436          22.341151
20607315 20603090         51.6429074
20607315 20603533         53.9560992
20607315 21051203         23.4017769
20607315 21066096         26.4567551
20607315 21066339         26.2668941
20607315 20607260         8.27039634
20607315 21037536         23.0708276
20607315 21037030         22.9244916
20607315 21048764         17.2196427
20607315 21081573          13.066512
20607315 21055693         11.7942832
20607315 21055241         13.6604303
20607315 21086069         22.9217802
20607315 20601626         31.3739217
20607315 20610050         37.2761337
20607315 20801046         67.0477063
20607315 20803156         61.9576541
20607315 20807727         99.3151599
20607315 20808421         84.7857839
20607315 20804405         50.1017082
20607315 20614477          45.230303
20607315 20615064          38.727342
20607315 20615735         42.1714307
20607315 20705372         99.8889011
20607315 20508349          55.565485
20607315 20205207         66.8976297
20607315 20404575         32.5463942
20607315 20404032         33.3764497
20607315 20206362         65.8628116
20607315 20303065         65.3045214
20607315 20306557         52.0282083
20607315 20407398          21.681748
20607315 20407481         34.9733147
20607315 20111718         67.4948071
20610050 21086436         33.8154508
20610050 20603090          27.933228
20610050 20603533         32.2516252
20610050 21051203         23.6996803
20610050 21066096         25.7495515
20610050 21066339         26.2101598
20610050 20607260         32.3472623
20610050 21037536          27.118995
20610050 21037030         27.3900801
20610050 21048764         30.1954348
20610050 21081573         32.9389199
20610050 21055693         35.6376785
20610050 21055241         36.4406872
20610050 21086069         35.0013489
20610050 20601626         9.56537229
20610050 20801046         30.4932305
20610050 20803156         24.7256678
20610050 30103074         98.1125846
20610050 20908119         83.5959277
20610050 20906605          90.623954
20610050 20909113         74.0672212
20610050 20807727         68.2200639
20610050 20808421         51.1529378
20610050 20804405         29.1820751
20610050 20614477         53.0086705
20610050 20615064         63.1092773
20610050 20615735         57.9453038
20610050 20508349         74.0310758
20610050 20205207         88.7752103
20610050 20404575          38.715261
20610050 20404032         43.4114654
20610050 20206362         93.5534153
20610050 20607315         37.2761337
20610050 20303065          97.187699
20610050 20306557         87.3550225
20610050 20407398         58.7953927
20610050 20407481         72.2336669
20614477 21086436           24.51773
20614477 20603090         39.5510495
20614477 20603533         37.6096371
20614477 21051203         31.6893501
20614477 21066096          28.293101
20614477 21066339           27.94093
20614477 20607260         38.3947046
20614477 21037536         28.7433413
20614477 21037030         28.6007615
20614477 21048764         30.7752847
20614477 21081573         33.1011292
20614477 21055693          33.535738
20614477 21055241         31.6046628
20614477 21086069         23.4903691
20614477 20601626         43.6620518
20614477 20610050         53.0086705
20614477 20801046         68.1292604
20614477 20803156         70.8151547
20614477 20804405         80.2755638
20614477 20615064          24.608079
20614477 20615735         11.1829689
20614477 20705372         82.1492394
20614477 20404575         74.5216503
20614477 20404032         76.7731941
20614477 20607315          45.230303
20614477 20306557         86.3313094
20614477 20407398         50.7901161
20614477 20407481         63.1275131
20614477 20111718         76.5155999
20615064 21086436         29.3226407
20615064 20603090         59.2570053
20615064 20603533         58.5566397
20615064 21051203         39.4547905
20615064 21066096         38.0942825
20615064 21066339         37.5998759
20615064 20607260         35.8983923
20615064 21037536         36.0746683
20615064 21037030         35.7927346
20615064 21048764          33.411994
20615064 21081573         32.2478091
20615064 21055693         30.5379097
20615064 21055241         28.8851217
20615064 21086069         28.1659147
20615064 20601626          53.759963
20615064 20610050         63.1092773
20615064 20801046         85.5114486
20615064 20803156         85.3910815
20615064 20804405         85.3533402
20615064 20614477          24.608079
20615064 20615735         13.6394875
20615064 20705372         65.3546807
20615064 20508349         89.7605937
20615064 20205207         97.8156159
20615064 20404575         71.2720482
20615064 20404032          71.935503
20615064 20206362         91.4690566
20615064 20607315          38.727342
20615064 20303065         84.9093757
20615064 20306557         65.9718825
20615064 20407398         33.2110231
20615064 20407481          42.458476
20615064 20111718         51.9355726
20615735 21086436         25.4219213
20615735 20603090         48.8405488
20615735 20603533         47.4557034
20615735 21051203         34.7560755
20615735 21066096         32.2093164
20615735 21066339          31.758505
20615735 20607260         36.8303128
20615735 21037536         31.3899474
20615735 21037030         31.1637138
20615735 21048764         31.1680036
20615735 21081573         31.9587844
20615735 21055693         31.4028856
20615735 21055241         29.4380192
20615735 21086069         24.1946762
20615735 20601626         48.3808781
20615735 20610050         57.9453038
20615735 20801046         76.6098569
20615735 20803156         78.0552956
20615735 20804405          83.274627
20615735 20614477         11.1829689
20615735 20615064         13.6394875
20615735 20705372         72.9054748
20615735 20508349         96.6233778
20615735 20404575          73.647178
20615735 20404032         75.2083433
20615735 20607315         42.1714307
20615735 20303065         96.0909048
20615735 20306557         77.7708506
20615735 20407398         43.1212391
20615735 20407481         54.2843698
20615735 20111718         65.4060925
20705372 21086436         94.6728544
20705372 20607260         99.5776347
20705372 21048764         98.5786146
20705372 21081573         96.8324049
20705372 21055693         94.6768716
20705372 21055241         93.3068848
20705372 21086069         93.5076023
20705372 20614477         82.1492394
20705372 20615064         65.3546807
20705372 20615735         72.9054748
20705372 20607315         99.8889011
20705372 20306557         96.1984155
20705372 20407398         83.7561621
20705372 20407481         81.2322869
20705372 20111718         52.0094402
20801046 21086436         57.5605591
20801046 20603090         29.0169769
20801046 20603533         32.1741661
20801046 21051203         48.3365452
20801046 21066096         48.2645753
20801046 21066339         48.7495558
20801046 20607260          61.002189
20801046 21037536         51.1619191
20801046 21037030         51.4578597
20801046 21048764         56.2933587
20801046 21081573         60.1446975
20801046 21055693         63.0435284
20801046 21055241         63.2899469
20801046 21086069         58.4864651
20801046 20601626         35.9040493
20801046 20610050         30.4932305
20801046 20803156         11.6484628
20801046 30103074         85.4966232
20801046 20906524         78.5414847
20801046 20908119         68.2368831
20801046 20906605         70.1258058
20801046 20909113         61.6602854
20801046 20807727         58.2026222
20801046 20808421         39.3944146
20801046 20804405          45.627219
20801046 20614477         68.1292604
20801046 20615064         85.5114486
20801046 20615735         76.6098569
20801046 20404575         66.2536926
20801046 20404032         71.2486823
20801046 20607315         67.0477063
20801046 20407398         88.0613065
20803156 21086436         56.3560118
20803156 20603090         34.1477599
20803156 20603533         38.1226517
20803156 21051203         46.4334699
20803156 21066096         47.3127129
20803156 21066339         47.8081645
20803156 20607260         56.9811346
20803156 21037536         49.6357883
20803156 21037030         49.9297607
20803156 21048764         53.8632575
20803156 21081573         57.1255163
20803156 21055693         59.9266449
20803156 21055241         60.5265873
20803156 21086069         57.4279747
20803156 20601626         32.5187146
20803156 20610050         24.7256678
20803156 20801046         11.6484628
20803156 30103074         79.4200349
20803156 20906524          77.622809
20803156 20908119         63.1147447
20803156 20906605         67.7075594
20803156 20909113         55.1334853
20803156 20807727          50.670372
20803156 20808421         31.8738205
20803156 20804405         34.2743001
20803156 20614477         70.8151547
20803156 20615064         85.3910815
20803156 20615735         78.0552956
20803156 20508349         91.5872815
20803156 20404575         56.6202543
20803156 20404032         61.6551536
20803156 20607315         61.9576541
20803156 20407398         83.5174132
20803156 20407481          96.872132
20804405 21086436         57.8723869
20804405 20603090         56.1667496
20804405 20603533          60.623116
20804405 21051203         48.8152846
20804405 21066096         51.9986619
20804405 21066339         52.3682948
20804405 20607260         49.8380381
20804405 21037536         52.0453597
20804405 21037030         52.2462784
20804405 21048764         52.4687079
20804405 21081573         53.1056552
20804405 21055693         54.9414139
20804405 21055241         56.4966575
20804405 21086069          59.106263
20804405 20601626         37.2653239
20804405 20610050         29.1820751
20804405 20801046          45.627219
20804405 20803156         34.2743001
20804405 30103074         79.1250361
20804405 20906524         92.4728942
20804405 20908119         68.3435311
20804405 20906605         79.9106906
20804405 20909113         57.3122875
20804405 20807727         50.2714443
20804405 20808421         39.0863936
20804405 20614477         80.2755638
20804405 20615064         85.3533402
20804405 20615735          83.274627
20804405 20508349         59.8008044
20804405 20205207          75.187426
20804405 20404575         28.1612242
20804405 20404032         32.7568761
20804405 20206362         84.6222863
20804405 20607315         50.1017082
20804405 20303065         92.5218231
20804405 20306557         88.6144154
20804405 20407398         70.1773224
20804405 20407481         80.6591464
20807727 31201007         78.9450688
20807727 31201516         77.7576013
20807727 30101545         57.9857423
20807727 30101280         73.4808777
20807727 30104708         91.2238255
20807727 30109724         72.6116167
20807727 30107624          93.893362
20807727 20603090         84.8180815
20807727 20603533          88.760218
20807727 21051203         91.8787886
20807727 21066096         93.9265566
20807727 21066339         94.3952024
20807727 20607260         97.5157974
20807727 21037536         95.3070396
20807727 21037030         95.5727025
20807727 21048764         97.7686642
20807727 21081573         99.6648393
20807727 20601626         77.7591209
20807727 20610050         68.2200639
20807727 20801046         58.2026222
20807727 20803156          50.670372
20807727 30103074         29.9261319
20807727 20906524         46.5157162
20807727 20908119         18.5754737
20807727 20906605         33.2668654
20807727 20909113         7.27724454
20807727 20808421         18.8997679
20807727 20804405         50.2714443
20807727 20404575         77.2617426
20807727 20404032         81.2139907
20807727 20607315         99.3151599
20808421 31201007         91.9791567
20808421 31201516         89.5930872
20808421 30101545         76.2859181
20808421 30101280         92.3451413
20808421 30109724         90.4649584
20808421 21086436         84.9443358
20808421 20603090         66.0034775
20808421 20603533         69.9025993
20808421 21051203         74.8137337
20808421 21066096         76.5415208
20808421 21066339         77.0224845
20808421 20607260         81.9834079
20808421 21037536          78.215091
20808421 21037030         78.4919913
20808421 21048764         81.2308166
20808421 21081573         83.5628412
20808421 21055693         86.0725487
20808421 21055241         87.1184111
20808421 21086069         86.1182218
20808421 20601626         60.5294316
20808421 20610050         51.1529378
20808421 20801046         39.3944146
20808421 20803156         31.8738205
20808421 30103074         47.7246836
20808421 20906524         53.4981311
20808421 20908119         32.4430122
20808421 20906605         41.2554234
20808421 20909113         23.3939467
20808421 20807727         18.8997679
20808421 20804405         39.0863936
20808421 20508349         96.9020816
20808421 20404575         67.2456765
20808421 20404032         71.7815053
20808421 20607315         84.7857839
20906524 30306555          94.810314
20906524 31201104         65.5663433
20906524 31201007         43.4663977
20906524 31201516          38.974918
20906524 30202252         86.9754635
20906524 30101545         54.8397573
20906524 30101280         76.0215634
20906524 30104708         97.3197358
20906524 30109724         92.9604738
20906524 30620196          94.062572
20906524 20801046         78.5414847
20906524 20803156          77.622809
20906524 30103074         37.6016515
20906524 20908119         29.5341686
20906524 20906605         13.2501625
20906524 20909113         39.6918059
20906524 20807727         46.5157162
20906524 20808421         53.4981311
20906524 20804405         92.4728942
20906605 31201104         74.8408778
20906605 31201007         51.9343622
20906605 31201516         48.7558705
20906605 30202252         96.1812621
20906605 30101545         51.8068422
20906605 30101280         72.4758166
20906605 30104708         93.4431335
20906605 30109724         85.2279689
20906605 20603090         99.1419994
20906605 20601626         99.5266117
20906605 20610050          90.623954
20906605 20801046         70.1258058
20906605 20803156         67.7075594
20906605 30103074         28.8640999
20906605 20906524         13.2501625
20906605 20908119         16.8300109
20906605 20909113         26.4913567
20906605 20807727         33.2668654
20906605 20808421         41.2554234
20906605 20804405         79.9106906
20908119 31201104         83.6323135
20908119 31201007         60.6608766
20908119 31201516         59.2303079
20908119 30101545         46.2915429
20908119 30101280         64.9866364
20908119 30104708         84.8662081
20908119 30109724         72.2540819
20908119 30107624         92.3085218
20908119 20603090         96.6132971
20908119 20601626         92.9591374
20908119 20610050         83.5959277
20908119 20801046         68.2368831
20908119 20803156         63.1147447
20908119 30103074         18.1730152
20908119 20906524         29.5341686
20908119 20906605         16.8300109
20908119 20909113         11.2982306
20908119 20807727         18.5754737
20908119 20808421         32.4430122
20908119 20804405         68.3435311
20908119 20404575         95.6826233
20908119 20404032         99.7072122
20909113 31201104         94.6612532
20909113 31201007         71.7647328
20909113 31201516         70.4964628
20909113 30101545           52.94035
20909113 30101280          69.691299
20909113 30104708         88.3265461
20909113 30109724         71.9059018
20909113 30107624         92.8375286
20909113 20603090         89.1615071
20909113 20603533         92.9542436
20909113 21051203         97.7664245
20909113 21066096         99.6582886
20909113 20601626         83.5494575
20909113 20610050         74.0672212
20909113 20801046         61.6602854
20909113 20803156         55.1334853
20909113 30103074          24.331186
20909113 20906524         39.6918059
20909113 20908119         11.2982306
20909113 20906605         26.4913567
20909113 20807727         7.27724454
20909113 20808421         23.3939467
20909113 20804405         57.3122875
20909113 20404575         84.4698818
20909113 20404032         88.4545584
21037030 21086436         6.47781437
21037030 20603090         30.1531029
21037030 20603533         31.7800007
21037030 21051203         3.69393698
21037030 21066096          3.8149485
21037030 21066339         3.49162295
21037030 20607260         14.6564398
21037030 21037536        0.297025389
21037030 21048764         6.05700381
21037030 21081573         10.6949152
21037030 21055693         13.3433828
21037030 21055241          12.790983
21037030 21086069         7.62886786
21037030 20601626         17.9702375
21037030 20610050         27.3900801
21037030 20801046         51.4578597
21037030 20803156         49.9297607
21037030 20807727         95.5727025
21037030 20808421         78.4919913
21037030 20804405         52.2462784
21037030 20614477         28.6007615
21037030 20615064         35.7927346
21037030 20615735         31.1637138
21037030 20508349          76.435877
21037030 20205207         88.8753157
21037030 20404575         46.8129719
21037030 20404032         49.6458172
21037030 20206362         88.7241589
21037030 20607315         22.9244916
21037030 20303065         88.0562726
21037030 20306557         73.7087004
21037030 20407398         39.4149267
21037030 20407481         53.7552917
21037030 20111718         80.0080656
21037536 21086436         6.76398517
21037536 20603090         29.9068713
21037536 20603533         31.5584105
21037536 21051203         3.43025424
21037536 21066096          3.5817782
21037536 21066339         3.27981076
21037536 20607260         14.8063389
21037536 21037030        0.297025389
21037536 21048764         6.27441216
21037536 21081573         10.9108521
21037536 21055693         13.5782774
21037536 21055241         13.0496249
21037536 21086069         7.90931855
21037536 20601626         17.6908847
21037536 20610050          27.118995
21037536 20801046         51.1619191
21037536 20803156         49.6357883
21037536 20807727         95.3070396
21037536 20808421          78.215091
21037536 20804405         52.0453597
21037536 20614477         28.7433413
21037536 20615064         36.0746683
21037536 20615735         31.3899474
21037536 20508349         76.4808304
21037536 20205207         88.9522577
21037536 20404575         46.7610786
21037536 20404032          49.619314
21037536 20206362         88.8525766
21037536 20607315         23.0708276
21037536 20303065         88.2280327
21037536 20306557         73.9190544
21037536 20407398         39.6623162
21037536 20407481         54.0029302
21037536 20111718         80.2995762
21048764 21086436         6.25757931
21048764 20603090            36.1326
21048764 20603533         37.8328167
21048764 21051203         8.09138129
21048764 21066096          9.8543673
21048764 21066339         9.54820162
21048764 20607260         9.00444083
21048764 21037536         6.27441216
21048764 21037030         6.05700381
21048764 21081573         4.63791158
21048764 21055693         7.34240869
21048764 21055241          7.0731265
21048764 21086069         7.32406284
21048764 20601626         21.3636725
21048764 20610050         30.1954348
21048764 20801046         56.2933587
21048764 20803156         53.8632575
21048764 20807727         97.7686642
21048764 20808421         81.2308166
21048764 20804405         52.4687079
21048764 20614477         30.7752847
21048764 20615064          33.411994
21048764 20615735         31.1680036
21048764 20705372         98.5786146
21048764 20508349         71.7258233
21048764 20205207         83.7520432
21048764 20404575         43.7474713
21048764 20404032         46.1098321
21048764 20206362         83.0806428
21048764 20607315         17.2196427
21048764 20303065         82.1154956
21048764 20306557         67.6528998
21048764 20407398         33.4703119
21048764 20407481         47.8080558
21048764 20111718         74.9897908
21051203 21086436         10.1327082
21051203 20603090         28.4966932
21051203 20603533         30.5825092
21051203 21066096         3.93604973
21051203 21066339         4.07875356
21051203 20607260         15.3306961
21051203 21037536         3.43025424
21051203 21037030         3.69393698
21051203 21048764         8.09138129
21051203 21081573         12.4395743
21051203 21055693          15.303617
21051203 21055241         15.1641942
21051203 21086069         11.3056244
21051203 20601626         14.3073262
21051203 20610050         23.6996803
21051203 20801046         48.3365452
21051203 20803156         46.4334699
21051203 20909113         97.7664245
21051203 20807727         91.8787886
21051203 20808421         74.8137337
21051203 20804405         48.8152846
21051203 20614477         31.6893501
21051203 20615064         39.4547905
21051203 20615735         34.7560755
21051203 20508349         75.3928598
21051203 20205207         88.2190188
21051203 20404575         44.7106687
21051203 20404032         47.8128065
21051203 20206362         88.7495615
21051203 20607315         23.4017769
21051203 20303065         88.7042098
21051203 20306557           74.97343
21051203 20407398         41.3829955
21051203 20407481         55.6978564
21051203 20111718          82.972652
21055241 21086436         9.47392325
21055241 20603090         42.9214332
21055241 20603533         44.3779341
21055241 21051203         15.1641942
21055241 21066096         16.5834012
21055241 21066339         16.2121634
21055241 20607260         7.42124679
21055241 21037536         13.0496249
21055241 21037030          12.790983
21055241 21048764          7.0731265
21055241 21081573         3.55992465
21055241 21055693         1.98066262
21055241 21086069         9.73295075
21055241 20601626         28.0218657
21055241 20610050         36.4406872
21055241 20801046         63.2899469
21055241 20803156         60.5265873
21055241 20808421         87.1184111
21055241 20804405         56.4966575
21055241 20614477         31.6046628
