0 95 ea_coordinates ea_id
10101215 10732192         227.539389
10101215 10502268         206.868555
10101215 10505310         202.890867
10101215 10220103         92.5031066
10101215 10103414         54.2783618
10103414 10732192         173.494284
10103414 10502268         152.590224
10103414 10505310         149.550603
10103414 10220103         60.4641564
10103414 10101215         54.2783618
10220103 10732192          159.43126
10220103 10502268         146.510297
10220103 10505310         156.466763
10220103 10103414         60.4641564
10220103 10101215         92.5031066
10302010 10505310          97.334558
10302010 10734370         59.3290846
10302010 10502268         82.1948508
10302010 10746033         57.0639216
10302010 10732192         62.5082508
10502268 10302010         82.1948508
10502268 10734370         31.3719341
10502268 10505310         32.7024938
10502268 10732192         27.2478244
10502268 10746033         28.9111689
10505310 10302010          97.334558
10505310 10732192         57.1306041
10505310 10734370         60.7544346
10505310 10502268         32.7024938
10505310 10746033         56.3173669
10732192 10302010         62.5082508
10732192 10746033         6.34286921
10732192 10505310         57.1306041
10732192 10734370         4.20626201
10732192 10502268         27.2478244
10734370 10505310         60.7544346
10734370 10302010         59.3290846
10734370 10502268         31.3719341
10734370 10732192         4.20626201
10734370 10746033         6.22692597
10746033 10302010         57.0639216
10746033 10732192         6.34286921
10746033 10505310         56.3173669
10746033 10734370         6.22692597
10746033 10502268         28.9111689
20111718 20705372         52.0094402
20111718 20407398         46.1949386
20111718 20615064         51.9355726
20111718 20407481         36.6796909
20111718 20306557          45.234471
20112661 20407481         69.6289136
20112661 20111718         60.5043744
20112661 20206362         62.5350616
20112661 20303065         49.4117272
20112661 20306557         51.9975351
20205207 20404032         45.6319822
20205207 20306557         44.6671807
20205207 20508349         15.4097298
20205207 20303065         31.2337386
20205207 20206362         16.4195189
20206362 20407481         50.7324493
20206362 20205207         16.4195189
20206362 20306557         31.2076071
20206362 20303065         14.9911984
20206362 20508349         27.1873328
20303065 20407481         42.5913701
20303065 20306557          19.839961
20303065 20508349         39.5674641
20303065 20206362         14.9911984
20303065 20205207         31.2337386
20306557 20205207         44.6671807
20306557 20407481         23.5408962
20306557 20407398         35.8901752
20306557 20303065          19.839961
20306557 20206362         31.2076071
20404032 20607260         38.5860719
20404032 20508349         30.6506713
20404032 20607315         33.3764497
20404032 20404575         5.03649666
20404032 20804405         32.7568761
20404575 20607260          36.821904
20404575 20607315         32.5463942
20404575 20508349         35.5069082
20404575 20404032         5.03649666
20404575 20804405         28.1612242
20407398 20607260         27.0939967
20407398 20607315          21.681748
20407398 21055241         26.6687903
20407398 20407481         14.3406831
20407398 21055693         26.1310256
20407481 21055693         40.4671331
20407481 20607315         34.9733147
20407481 20111718         36.6796909
20407481 20407398         14.3406831
20407481 20306557         23.5408962
20508349 20303065         39.5674641
20508349 20404032         30.6506713
20508349 20404575         35.5069082
20508349 20205207         15.4097298
20508349 20206362         27.1873328
20601626 21037536         17.6908847
20601626 21066096         16.1851581
20601626 21066339         16.6473362
20601626 20610050         9.56537229
20601626 21051203         14.3073262
20603090 20610050          27.933228
20603090 21066339         26.7092959
20603090 20601626         24.2541528
20603090 20603533         4.47764659
20603090 21066096         26.3442494
20603533 21051203         30.5825092
20603533 21066339         28.2892413
20603533 20601626         27.9995192
20603533 21066096         27.9796243
20603533 20603090         4.47764659
20607260 21048764         9.00444083
20607260 21055241         7.42124679
20607260 20607315         8.27039634
20607260 21081573         5.31672823
20607260 21055693         5.51091543
20607315 21048764         17.2196427
20607315 21055241         13.6604303
20607315 21081573          13.066512
20607315 21055693         11.7942832
20607315 20607260         8.27039634
20610050 21066339         26.2101598
20610050 20803156         24.7256678
20610050 21066096         25.7495515
20610050 20601626         9.56537229
20610050 21051203         23.6996803
20614477 21066339           27.94093
20614477 21086069         23.4903691
20614477 20615064          24.608079
20614477 20615735         11.1829689
20614477 21086436           24.51773
20615064 21086436         29.3226407
20615064 21086069         28.1659147
20615064 21055241         28.8851217
20615064 20614477          24.608079
20615064 20615735         13.6394875
20615735 21055241         29.4380192
20615735 21086069         24.1946762
20615735 21086436         25.4219213
20615735 20614477         11.1829689
20615735 20615064         13.6394875
20705372 20614477         82.1492394
20705372 20615735         72.9054748
20705372 20407481         81.2322869
20705372 20111718         52.0094402
20705372 20615064         65.3546807
20801046 20601626         35.9040493
20801046 20610050         30.4932305
20801046 20603533         32.1741661
20801046 20803156         11.6484628
20801046 20603090         29.0169769
20803156 20603090         34.1477599
20803156 20610050         24.7256678
20803156 20601626         32.5187146
20803156 20801046         11.6484628
20803156 20808421         31.8738205
20804405 20601626         37.2653239
20804405 20803156         34.2743001
20804405 20404032         32.7568761
20804405 20610050         29.1820751
20804405 20404575         28.1612242
20807727 20906605         33.2668654
20807727 20808421         18.8997679
20807727 30103074         29.9261319
20807727 20909113         7.27724454
20807727 20908119         18.5754737
20808421 20804405         39.0863936
20808421 20909113         23.3939467
20808421 20908119         32.4430122
20808421 20807727         18.8997679
20808421 20803156         31.8738205
20906524 20909113         39.6918059
20906524 20908119         29.5341686
20906524 31201516          38.974918
20906524 20906605         13.2501625
20906524 30103074         37.6016515
20906605 20807727         33.2668654
20906605 20909113         26.4913567
20906605 30103074         28.8640999
20906605 20908119         16.8300109
20906605 20906524         13.2501625
20908119 20906524         29.5341686
20908119 20906605         16.8300109
20908119 20807727         18.5754737
20908119 20909113         11.2982306
20908119 30103074         18.1730152
20909113 20906605         26.4913567
20909113 20808421         23.3939467
20909113 30103074          24.331186
20909113 20807727         7.27724454
20909113 20908119         11.2982306
21037030 21048764         6.05700381
21037030 21066339         3.49162295
21037030 21066096          3.8149485
21037030 21037536        0.297025389
21037030 21051203         3.69393698
21037536 21048764         6.27441216
21037536 21066339         3.27981076
21037536 21066096          3.5817782
21037536 21037030        0.297025389
21037536 21051203         3.43025424
21048764 21055241          7.0731265
21048764 21037030         6.05700381
21048764 21037536         6.27441216
21048764 21081573         4.63791158
21048764 21086436         6.25757931
21051203 21048764         8.09138129
21051203 21066096         3.93604973
21051203 21066339         4.07875356
21051203 21037030         3.69393698
21051203 21037536         3.43025424
21055241 21086436         9.47392325
21055241 21048764          7.0731265
21055241 20607260         7.42124679
21055241 21081573         3.55992465
21055241 21055693         1.98066262
21055693 21086436         10.8823071
21055693 21081573         2.90973088
21055693 21048764         7.34240869
21055693 21055241         1.98066262
21055693 20607260         5.51091543
21066096 21086436         9.29656263
21066096 21037030          3.8149485
21066096 21051203         3.93604973
21066096 21037536          3.5817782
21066096 21066339        0.495732377
21066339 21086436         8.81366016
21066339 21037030         3.49162295
21066339 21051203         4.07875356
21066339 21037536         3.27981076
21066339 21066096        0.495732377
21081573 21086436         9.30763691
21081573 21048764         4.63791158
21081573 20607260         5.31672823
21081573 21055241         3.55992465
21081573 21055693         2.90973088
21086069 21055241         9.73295075
21086069 21037030         7.62886786
21086069 21037536         7.90931855
21086069 21048764         7.32406284
21086069 21086436         1.23774668
21086436 21066339         8.81366016
21086436 21037030         6.47781437
21086436 21037536         6.76398517
21086436 21086069         1.23774668
21086436 21048764         6.25757931
30101280 30107624         39.2569469
30101280 30109724         32.1362424
30101280 30105325         38.2288104
30101280 30104708         21.3060631
30101280 30101545         21.1847491
30101545 31201007         45.3058879
30101545 30104708          42.489342
30101545 30109724         44.8243442
30101545 30101280         21.1847491
30101545 30103074         28.7147229
30103074 20807727         29.9261319
30103074 20906605         28.8640999
30103074 30101545         28.7147229
30103074 20909113          24.331186
30103074 20908119         18.1730152
30104708 30101545          42.489342
30104708 30107624         24.3526983
30104708 30109724          30.578416
30104708 30101280         21.3060631
30104708 30105325         26.8303171
30105325 30107624         47.6293895
30105325 30208396         32.2947062
30105325 30101280         38.2288104
30105325 30212307         23.2070173
30105325 30104708         26.8303171
30107624 30101545         58.0398931
30107624 30104708         24.3526983
30107624 30105325         47.6293895
30107624 30109724         21.4988827
30107624 30101280         39.2569469
30109724 30103074         56.3640756
30109724 30104708          30.578416
30109724 30101545         44.8243442
30109724 30107624         21.4988827
30109724 30101280         32.1362424
30202252 31439102         25.0193107
30202252 31441389         24.9791056
30202252 31201104         21.4202986
30202252 31435120         22.6544729
30202252 31435753         22.2627405
30208396 30202252         72.3739938
30208396 30105325         32.2947062
30208396 30101280         66.8414471
30208396 30212307         21.3871369
30208396 30104708         59.0760113
30212307 30101545         59.1757212
30212307 30105325         23.2070173
30212307 30101280         48.4388948
30212307 30208396         21.3871369
30212307 30104708         46.0641444
30302601 31443270         25.9206228
30302601 30901475         20.3831211
30302601 31435753         24.2603422
30302601 30305082         16.7484918
30302601 30901054         9.81144211
30305082 30901475         20.6790998
30305082 30901054         13.5477282
30305082 30406710         20.1429337
30305082 30305580         12.3494862
30305082 30302601         16.7484918
30305580 30901054         23.7171614
30305580 30305082         12.3494862
30305580 30403444         22.0391301
30305580 30406710          12.133999
30305580 30806611         20.1552483
30306555 31435120         21.6874423
30306555 31441389         18.6540343
30306555 31443270          19.539879
30306555 30406710          17.681502
30306555 31439102         18.4376409
30403444 31532674         23.1508799
30403444 31555614         20.3231072
30403444 30305580         22.0391301
30403444 30806611         9.77861149
30403444 30709438         20.7467646
30406710 31439102         23.9764305
30406710 30305082         20.1429337
30406710 31532674         23.1326115
30406710 30305580          12.133999
30406710 30306555          17.681502
30501383 30406710         24.5274082
30501383 30504518         21.0083882
30501383 31555614         22.9700392
30501383 31532674          10.099132
30501383 31536118         13.7650958
30504518 30620196         35.2841944
30504518 31536118         23.7512777
30504518 31555614         30.7316066
30504518 30501383         21.0083882
30504518 31532674         25.9326686
30602235 31536118         70.2407385
30602235 30504518         47.7227819
30602235 30501383         68.3844315
30602235 30620196         20.4007913
30602235 31004312         65.3135991
30620196 31532674          60.805305
30620196 30504518         35.2841944
30620196 31536118          59.035458
30620196 30602235         20.4007913
30620196 30501383         53.8269577
30704313 30801672          28.437666
30704313 30708665         17.6961735
30704313 30709438         28.0143544
30704313 30705391         15.5679349
30704313 30803115         27.5665704
30705391 31555614          25.893048
30705391 30709438         16.1076355
30705391 30708665         18.2702183
30705391 30704313         15.5679349
30705391 31004312         17.5103911
30708665 30801672         19.4866394
30708665 30704313         17.6961735
30708665 30705391         18.2702183
30708665 30803115         12.8437886
30708665 30709438         17.7743116
30709438 30403444         20.7467646
30709438 30708665         17.7743116
30709438 31536118         20.7050801
30709438 30705391         16.1076355
30709438 31555614         11.3618568
30801672 30806611         32.2510266
30801672 30708665         19.4866394
30801672 30704313          28.437666
30801672 30803115         10.2656711
30801672 30801679         18.8062581
30801679 30403444         44.3919484
30801679 30708665         37.0984603
30801679 30806611         37.4591885
30801679 30801672         18.8062581
30801679 30803115         24.8769676
30803115 30403444          25.162975
30803115 30708665         12.8437886
30803115 30801679         24.8769676
30803115 30801672         10.2656711
30803115 30806611         23.2513556
30806611 30708665          28.420349
30806611 30803115         23.2513556
30806611 30406710          27.990366
30806611 30403444         9.77861149
30806611 30305580         20.1552483
30901054 31435753         30.1952149
30901054 30305580         23.7171614
30901054 30901475         11.0365908
30901054 30305082         13.5477282
30901054 30302601         9.81144211
30901475 30806611         30.8446357
30901475 30305082         20.6790998
30901475 30305580         26.4363449
30901475 30901054         11.0365908
30901475 30302601         20.3831211
31001749 31004312         64.6452625
31001749 30704313         49.0911634
31001749 30705391         57.9389529
31001749 31002169         37.8290005
31001749 31108703         52.3687644
31002169 30709438         42.2710848
31002169 31001749         37.8290005
31002169 31004312         27.5383033
31002169 30704313         29.0786298
31002169 30705391         27.1414294
31004312 31536118         29.8972501
31004312 30709438         22.1199735
31004312 31002169         27.5383033
31004312 30705391         17.5103911
31004312 31555614          24.640266
31108703 30705391         101.661669
31108703 30801672          98.448414
31108703 31002169         88.3911636
31108703 30704313         88.0898422
31108703 31001749         52.3687644
31201007 30101545         45.3058879
31201007 31201104         23.0755109
31201007 30202252         44.2765614
31201007 31201516         7.32943701
31201007 20906524         43.4663977
31201104 31435753         39.6033013
31201104 31201516         26.6043484
31201104 31435120         38.8981508
31201104 31201007         23.0755109
31201104 30202252         21.4202986
31201516 20906605         48.7558705
31201516 31201104         26.6043484
31201516 30202252         48.0023959
31201516 31201007         7.32943701
31201516 20906524          38.974918
31435120 30306555         21.6874423
31435120 31441389         3.23373409
31435120 31439102         3.41326033
31435120 31435753         2.45730579
31435120 31443270         3.05850749
31435753 30202252         22.2627405
31435753 31441389         5.48887401
31435753 31439102         5.69402198
31435753 31435120         2.45730579
31435753 31443270         4.90830931
31439102 30306555         18.4376409
31439102 31435120         3.41326033
31439102 31435753         5.69402198
31439102 31441389        0.226020543
31439102 31443270         1.50044339
31441389 30306555         18.6540343
31441389 31435120         3.23373409
31441389 31435753         5.48887401
31441389 31439102        0.226020543
31441389 31443270         1.30393603
31443270 30306555          19.539879
31443270 31435120         3.05850749
31443270 31435753         4.90830931
31443270 31441389         1.30393603
31443270 31439102         1.50044339
31532674 30403444         23.1508799
31532674 30501383          10.099132
31532674 30406710         23.1326115
31532674 31536118         6.17735309
31532674 31555614         13.8350466
31536118 30504518         23.7512777
31536118 30501383         13.7650958
31536118 30709438         20.7050801
31536118 31532674         6.17735309
31536118 31555614         9.34342436
31555614 30501383         22.9700392
31555614 30403444         20.3231072
31555614 31532674         13.8350466
31555614 30709438         11.3618568
31555614 31536118         9.34342436
